0.0010373
0.00010222
0.00178
0.00869565
0.00000145
0.0003018
0.00302393
0.00003586
0.0002296
0.00280587
0.00005443
0.000207
0.00334367
0.00003243
0.0002118
0.00196025
0.00005559
0.00033779999999999997
0.0001288
0.00208766
0.00006855
0.00066381
0.00004382
0.1885921503
62.86944936884
0.16709029
51.81348021
0.16566259
0.1102386933
0.3063497969
0.1264671917
0.0001945
0.0001978
0.0001809
0.0001639
0.0001782
0.16484442
48.18919278
0
0.0002985
0.00174868
0.00005039
0.00264224
0.00006149
0.00282893
0.00005487
0.00322094
0.0000489
0.00301256
0.00010322